{
 "cells": [
  {
   "cell_type": "code",
   "execution_count": 27,
   "metadata": {
    "collapsed": true
   },
   "outputs": [],
   "source": [
    "import numpy as np\n",
    "import pandas as pd\n",
    "from pandas_datareader import data as wb\n",
    "import matplotlib.pyplot as plt"
   ]
  },
  {
   "cell_type": "markdown",
   "metadata": {},
   "source": [
    "## Calculate Security's Risk"
   ]
  },
  {
   "cell_type": "code",
   "execution_count": 28,
   "metadata": {
    "collapsed": true
   },
   "outputs": [
    {
     "data": {
      "text/html": [
       "<div>\n",
       "<style scoped>\n",
       "    .dataframe tbody tr th:only-of-type {\n",
       "        vertical-align: middle;\n",
       "    }\n",
       "\n",
       "    .dataframe tbody tr th {\n",
       "        vertical-align: top;\n",
       "    }\n",
       "\n",
       "    .dataframe thead th {\n",
       "        text-align: right;\n",
       "    }\n",
       "</style>\n",
       "<table border=\"1\" class=\"dataframe\">\n",
       "  <thead>\n",
       "    <tr style=\"text-align: right;\">\n",
       "      <th></th>\n",
       "      <th>PG</th>\n",
       "      <th>MSFT</th>\n",
       "      <th>F</th>\n",
       "      <th>GE</th>\n",
       "    </tr>\n",
       "    <tr>\n",
       "      <th>Date</th>\n",
       "      <th></th>\n",
       "      <th></th>\n",
       "      <th></th>\n",
       "      <th></th>\n",
       "    </tr>\n",
       "  </thead>\n",
       "  <tbody>\n",
       "    <tr>\n",
       "      <th>2017-12-06</th>\n",
       "      <td>91.250000</td>\n",
       "      <td>82.779999</td>\n",
       "      <td>12.380</td>\n",
       "      <td>17.660000</td>\n",
       "    </tr>\n",
       "    <tr>\n",
       "      <th>2017-12-07</th>\n",
       "      <td>90.099998</td>\n",
       "      <td>82.489998</td>\n",
       "      <td>12.530</td>\n",
       "      <td>17.709999</td>\n",
       "    </tr>\n",
       "    <tr>\n",
       "      <th>2017-12-08</th>\n",
       "      <td>90.370003</td>\n",
       "      <td>84.160004</td>\n",
       "      <td>12.610</td>\n",
       "      <td>17.709999</td>\n",
       "    </tr>\n",
       "    <tr>\n",
       "      <th>2017-12-11</th>\n",
       "      <td>90.230003</td>\n",
       "      <td>85.230003</td>\n",
       "      <td>12.580</td>\n",
       "      <td>17.650000</td>\n",
       "    </tr>\n",
       "    <tr>\n",
       "      <th>2017-12-12</th>\n",
       "      <td>90.055000</td>\n",
       "      <td>85.650002</td>\n",
       "      <td>12.525</td>\n",
       "      <td>17.959999</td>\n",
       "    </tr>\n",
       "  </tbody>\n",
       "</table>\n",
       "</div>"
      ],
      "text/plain": [
       "                   PG       MSFT       F         GE\n",
       "Date                                               \n",
       "2017-12-06  91.250000  82.779999  12.380  17.660000\n",
       "2017-12-07  90.099998  82.489998  12.530  17.709999\n",
       "2017-12-08  90.370003  84.160004  12.610  17.709999\n",
       "2017-12-11  90.230003  85.230003  12.580  17.650000\n",
       "2017-12-12  90.055000  85.650002  12.525  17.959999"
      ]
     },
     "execution_count": 28,
     "metadata": {},
     "output_type": "execute_result"
    }
   ],
   "source": [
    "sec_data = pd.read_csv('../1-rate-of-return/4_stocks_1995_2017.csv', index_col='Date')\n",
    "sec_data.tail()"
   ]
  },
  {
   "cell_type": "markdown",
   "metadata": {
    "collapsed": false
   },
   "source": [
    "We take the logarithmic returns because we will examine each company separately in the given time frame"
   ]
  },
  {
   "cell_type": "code",
   "execution_count": 29,
   "metadata": {
    "collapsed": false
   },
   "outputs": [],
   "source": [
    "sec_returns = np.log(sec_data / sec_data.shift(1))"
   ]
  },
  {
   "cell_type": "markdown",
   "metadata": {},
   "source": [
    "Calculate the standard deviation for each stocks"
   ]
  },
  {
   "cell_type": "code",
   "execution_count": 30,
   "metadata": {
    "collapsed": false
   },
   "outputs": [
    {
     "data": {
      "text/plain": [
       "PG    0.226532\n",
       "GE    0.291113\n",
       "dtype: float64"
      ]
     },
     "execution_count": 30,
     "metadata": {},
     "output_type": "execute_result"
    }
   ],
   "source": [
    "sec_returns[['PG', 'GE']].std() * (250 ** 0.5)"
   ]
  },
  {
   "cell_type": "markdown",
   "metadata": {},
   "source": [
    "## Calculate Relationship of two Stocks"
   ]
  },
  {
   "cell_type": "markdown",
   "metadata": {},
   "source": [
    "Covariance Matrix:\n",
    "$$\n",
    "\\Sigma = \\begin{bmatrix}\n",
    "  \\sigma_1^2 & \\sigma_{12} & ... & \\sigma_{1n} \\\\\n",
    "  \\sigma_{21} & \\sigma_2^2 & ... & \\sigma_{2n} \\\\\n",
    "  ... \\\\\n",
    "  \\sigma_{n1} & \\sigma_n^2 & ... & \\sigma_n^2\n",
    "\\end{bmatrix}\n",
    "$$\n",
    "\n",
    "<table>\n",
    "  <tr><td>var(X)</td><td>cov(X, Y)</td></tr>\n",
    "  <tr><td>cov(Y, X)</td><td>var(Y)</td></tr>\n",
    "</table>"
   ]
  },
  {
   "cell_type": "markdown",
   "metadata": {},
   "source": [
    "### Calculate Covariance of Returns"
   ]
  },
  {
   "cell_type": "code",
   "execution_count": 31,
   "metadata": {},
   "outputs": [
    {
     "data": {
      "text/plain": [
       "PG      0.051317\n",
       "MSFT    0.099582\n",
       "F       0.159959\n",
       "GE      0.084747\n",
       "dtype: float64"
      ]
     },
     "execution_count": 31,
     "metadata": {},
     "output_type": "execute_result"
    }
   ],
   "source": [
    "sec_returns.var() * 250"
   ]
  },
  {
   "cell_type": "code",
   "execution_count": 32,
   "metadata": {},
   "outputs": [
    {
     "data": {
      "text/html": [
       "<div>\n",
       "<style scoped>\n",
       "    .dataframe tbody tr th:only-of-type {\n",
       "        vertical-align: middle;\n",
       "    }\n",
       "\n",
       "    .dataframe tbody tr th {\n",
       "        vertical-align: top;\n",
       "    }\n",
       "\n",
       "    .dataframe thead th {\n",
       "        text-align: right;\n",
       "    }\n",
       "</style>\n",
       "<table border=\"1\" class=\"dataframe\">\n",
       "  <thead>\n",
       "    <tr style=\"text-align: right;\">\n",
       "      <th></th>\n",
       "      <th>PG</th>\n",
       "      <th>MSFT</th>\n",
       "      <th>F</th>\n",
       "      <th>GE</th>\n",
       "    </tr>\n",
       "  </thead>\n",
       "  <tbody>\n",
       "    <tr>\n",
       "      <th>PG</th>\n",
       "      <td>0.051317</td>\n",
       "      <td>0.016603</td>\n",
       "      <td>0.020397</td>\n",
       "      <td>0.024194</td>\n",
       "    </tr>\n",
       "    <tr>\n",
       "      <th>MSFT</th>\n",
       "      <td>0.016603</td>\n",
       "      <td>0.099582</td>\n",
       "      <td>0.041392</td>\n",
       "      <td>0.039556</td>\n",
       "    </tr>\n",
       "    <tr>\n",
       "      <th>F</th>\n",
       "      <td>0.020397</td>\n",
       "      <td>0.041392</td>\n",
       "      <td>0.159959</td>\n",
       "      <td>0.050113</td>\n",
       "    </tr>\n",
       "    <tr>\n",
       "      <th>GE</th>\n",
       "      <td>0.024194</td>\n",
       "      <td>0.039556</td>\n",
       "      <td>0.050113</td>\n",
       "      <td>0.084747</td>\n",
       "    </tr>\n",
       "  </tbody>\n",
       "</table>\n",
       "</div>"
      ],
      "text/plain": [
       "            PG      MSFT         F        GE\n",
       "PG    0.051317  0.016603  0.020397  0.024194\n",
       "MSFT  0.016603  0.099582  0.041392  0.039556\n",
       "F     0.020397  0.041392  0.159959  0.050113\n",
       "GE    0.024194  0.039556  0.050113  0.084747"
      ]
     },
     "execution_count": 32,
     "metadata": {},
     "output_type": "execute_result"
    }
   ],
   "source": [
    "sec_returns.cov() * 250"
   ]
  },
  {
   "cell_type": "markdown",
   "metadata": {},
   "source": [
    "### Calculate Correlation of Returns"
   ]
  },
  {
   "cell_type": "code",
   "execution_count": 33,
   "metadata": {},
   "outputs": [
    {
     "data": {
      "text/html": [
       "<div>\n",
       "<style scoped>\n",
       "    .dataframe tbody tr th:only-of-type {\n",
       "        vertical-align: middle;\n",
       "    }\n",
       "\n",
       "    .dataframe tbody tr th {\n",
       "        vertical-align: top;\n",
       "    }\n",
       "\n",
       "    .dataframe thead th {\n",
       "        text-align: right;\n",
       "    }\n",
       "</style>\n",
       "<table border=\"1\" class=\"dataframe\">\n",
       "  <thead>\n",
       "    <tr style=\"text-align: right;\">\n",
       "      <th></th>\n",
       "      <th>PG</th>\n",
       "      <th>MSFT</th>\n",
       "      <th>F</th>\n",
       "      <th>GE</th>\n",
       "    </tr>\n",
       "  </thead>\n",
       "  <tbody>\n",
       "    <tr>\n",
       "      <th>PG</th>\n",
       "      <td>1.000000</td>\n",
       "      <td>0.232256</td>\n",
       "      <td>0.225131</td>\n",
       "      <td>0.366870</td>\n",
       "    </tr>\n",
       "    <tr>\n",
       "      <th>MSFT</th>\n",
       "      <td>0.232256</td>\n",
       "      <td>1.000000</td>\n",
       "      <td>0.327957</td>\n",
       "      <td>0.430587</td>\n",
       "    </tr>\n",
       "    <tr>\n",
       "      <th>F</th>\n",
       "      <td>0.225131</td>\n",
       "      <td>0.327957</td>\n",
       "      <td>1.000000</td>\n",
       "      <td>0.430410</td>\n",
       "    </tr>\n",
       "    <tr>\n",
       "      <th>GE</th>\n",
       "      <td>0.366870</td>\n",
       "      <td>0.430587</td>\n",
       "      <td>0.430410</td>\n",
       "      <td>1.000000</td>\n",
       "    </tr>\n",
       "  </tbody>\n",
       "</table>\n",
       "</div>"
      ],
      "text/plain": [
       "            PG      MSFT         F        GE\n",
       "PG    1.000000  0.232256  0.225131  0.366870\n",
       "MSFT  0.232256  1.000000  0.327957  0.430587\n",
       "F     0.225131  0.327957  1.000000  0.430410\n",
       "GE    0.366870  0.430587  0.430410  1.000000"
      ]
     },
     "execution_count": 33,
     "metadata": {},
     "output_type": "execute_result"
    }
   ],
   "source": [
    "sec_returns.corr()"
   ]
  },
  {
   "cell_type": "markdown",
   "metadata": {},
   "source": [
    "## Calculate Portfolio's Risk"
   ]
  },
  {
   "cell_type": "code",
   "execution_count": 34,
   "metadata": {},
   "outputs": [],
   "source": [
    "weights = np.array([0.25, 0.25, 0.25, 0.25])"
   ]
  },
  {
   "cell_type": "markdown",
   "metadata": {},
   "source": [
    "### Portfolio Variance"
   ]
  },
  {
   "cell_type": "code",
   "execution_count": 35,
   "metadata": {},
   "outputs": [
    {
     "data": {
      "text/plain": [
       "0.048757160005628186"
      ]
     },
     "execution_count": 35,
     "metadata": {},
     "output_type": "execute_result"
    }
   ],
   "source": [
    "portfolio_var = np.dot(weights, np.dot(sec_returns.cov() * 250, weights))\n",
    "portfolio_var"
   ]
  },
  {
   "cell_type": "markdown",
   "metadata": {},
   "source": [
    "### Portfolio Volatility (standard deviation)"
   ]
  },
  {
   "cell_type": "code",
   "execution_count": 36,
   "metadata": {},
   "outputs": [
    {
     "data": {
      "text/plain": [
       "0.2208102352827608"
      ]
     },
     "execution_count": 36,
     "metadata": {},
     "output_type": "execute_result"
    }
   ],
   "source": [
    "portfolio_vol = portfolio_var ** 0.5\n",
    "portfolio_vol"
   ]
  },
  {
   "cell_type": "code",
   "execution_count": 37,
   "metadata": {},
   "outputs": [
    {
     "data": {
      "text/plain": [
       "'22.08%'"
      ]
     },
     "execution_count": 37,
     "metadata": {},
     "output_type": "execute_result"
    }
   ],
   "source": [
    "f'{portfolio_vol*100:.2f}%'"
   ]
  }
 ],
 "metadata": {
  "kernelspec": {
   "display_name": "Python 3.8.9 ('.venv': venv)",
   "language": "python",
   "name": "python3"
  },
  "language_info": {
   "codemirror_mode": {
    "name": "ipython",
    "version": 3
   },
   "file_extension": ".py",
   "mimetype": "text/x-python",
   "name": "python",
   "nbconvert_exporter": "python",
   "pygments_lexer": "ipython3",
   "version": "3.8.9"
  },
  "orig_nbformat": 4,
  "vscode": {
   "interpreter": {
    "hash": "4d89d975450d2c50172f090a4af740770fc05aa7b50e2bf82c37d2bcf44fd2b6"
   }
  }
 },
 "nbformat": 4,
 "nbformat_minor": 2
}
